1 51
1 879
1 359
1 184
1 878
1 12
1 486
1 817
1 13
1 874
2 12
2 51
2 884
2 746
2 834
2 429
2 1169
2 862
2 100
2 875
3 485
3 5
3 181
3 144
3 399
3 90
3 582
3 91
3 320
3 6
4 166
4 488
4 1312
4 1189
4 167
4 410
4 103
4 1252
4 1073
4 327
5 1032
5 103
5 367
5 1102
5 368
5 1376
5 320
5 968
5 641
5 746
6 491
6 385
6 386
6 271
6 950
6 1062
6 257
6 418
6 1196
6 544
7 492
7 1347
7 434
7 354
7 48
7 1115
7 973
7 57
7 122
7 999
8 492
8 1045
8 354
8 923
8 122
8 461
8 501
8 559
8 19
8 234
9 21
9 22
9 550
9 5
9 326
9 45
9 398
9 846
9 1215
9 306
10 405
10 302
10 949
10 493
10 524
10 1143
10 1286
10 691
10 1150
10 621
11 495
11 738
11 320
11 472
11 745
11 654
11 28
11 1389
11 1186
11 444
12 543
12 941
12 590
12 1223
12 1221
12 1094
12 324
12 624
12 652
12 215
13 496
13 643
13 313
13 507
13 199
13 440
13 903
13 879
13 1242
13 503
14 64
14 402
14 65
14 335
14 411
14 132
14 170
14 256
14 291
14 1364
15 1096
15 463
15 553
15 1340
15 405
15 1098
15 82
15 691
15 949
15 586
16 498
16 106
16 231
16 1255
16 669
16 248
16 1112
16 447
16 803
16 93
17 445
17 320
17 700
17 106
17 1281
17 641
17 607
17 527
17 751
17 350
18 492
18 354
18 248
18 498
18 106
18 1347
18 197
18 1115
18 48
18 999
19 286
19 803
19 1346
19 619
19 706
19 409
19 1348
19 1090
19 580
19 434
20 500
20 268
20 88
20 450
20 407
20 190
20 396
20 408
20 270
20 87
21 502
21 68
21 411
21 17
21 932
21 271
21 377
21 1121
21 16
21 302
22 254
22 125
22 560
22 910
22 66
22 348
22 413
22 165
22 980
22 728
23 892
23 899
23 1109
23 718
23 137
23 586
23 1259
23 708
23 902
23 1287
24 46
24 1317
24 756
24 834
24 275
24 12
24 51
24 950
24 724
24 1361
25 214
25 277
25 482
25 990
25 989
25 988
25 772
25 1367
25 409
25 216
26 382
26 145
26 307
26 3
26 4
26 737
26 568
26 180
26 547
26 611
27 1176
27 752
27 512
27 888
27 1293
27 1178
27 1133
27 680
27 1129
27 838
28 1050
28 451
28 1048
28 752
28 834
28 920
28 367
28 384
28 485
28 521
29 250
29 900
29 420
29 465
29 612
29 26
29 482
29 514
29 211
29 902
30 633
30 1070
30 752
30 1058
30 250
30 420
30 921
30 898
30 545
30 432
31 751
31 749
31 551
31 107
31 920
31 916
31 68
31 918
31 247
31 228
32 752
32 738
32 250
32 714
32 242
32 737
32 1112
32 512
32 1259
32 921
33 516
33 594
33 431
33 141
33 714
33 598
33 795
33 358
33 672
33 252
34 594
34 795
34 1153
34 516
34 598
34 610
34 1142
34 431
34 714
34 252
35 724
35 1208
35 65
35 64
35 1314
35 1203
35 1389
35 1276
35 75
35 654
36 1142
36 281
36 387
36 398
36 5
36 168
36 353
36 550
36 509
36 623
37 176
37 461
37 950
37 519
37 409
37 482
37 186
37 492
37 979
37 242
38 1141
38 1152
38 295
38 536
38 979
38 154
38 1196
38 1112
38 1264
38 976
39 180
39 37
39 1205
39 41
39 1278
39 5
39 43
39 295
39 3
39 358
40 1141
40 1152
40 536
40 295
40 37
40 41
40 1196
40 5
40 1205
40 979
41 289
41 1152
41 1141
41 549
41 879
41 433
41 1196
41 432
41 288
41 154
42 521
42 526
42 440
42 469
42 26
42 468
42 503
42 496
42 900
42 211
43 194
43 469
43 39
43 503
43 440
43 467
43 404
43 482
43 3
43 468
44 820
44 1048
44 103
44 223
44 752
44 27
44 951
44 405
44 1272
44 1174
45 525
45 305
45 26
45 353
45 1185
45 540
45 84
45 133
45 1395
45 655
46 525
46 803
46 353
46 305
46 1185
46 509
46 120
46 623
46 655
46 123
47 568
47 525
47 305
47 327
47 570
47 310
47 98
47 180
47 540
47 1370
48 526
48 440
48 26
48 392
48 683
48 1228
48 334
48 900
48 420
48 797
49 320
49 527
49 832
49 322
49 321
49 479
49 377
49 349
49 854
49 1085
50 326
50 1112
50 192
50 992
50 801
50 27
50 1301
50 803
50 671
50 337
51 326
51 494
51 523
51 23
51 1112
51 528
51 106
51 133
51 105
51 1301
52 326
52 21
52 1215
52 550
52 22
52 286
52 629
52 306
52 3
52 4
53 208
53 298
53 269
53 407
53 61
53 653
53 267
53 1221
53 1273
53 1236
54 123
54 525
54 305
54 1185
54 84
54 651
54 623
54 789
54 1213
54 398
55 376
55 3
55 4
55 460
55 326
55 322
55 336
55 358
55 320
55 17
56 753
56 492
56 638
56 441
56 1290
56 204
56 461
56 411
56 137
56 391
57 753
57 1275
57 3
57 507
57 878
57 380
57 444
57 1084
57 1111
57 1181
58 5
58 754
58 387
58 269
58 398
58 509
58 963
58 524
58 120
58 787
59 393
59 382
59 1176
59 1084
59 3
59 912
59 842
59 785
59 789
59 1359
60 320
60 322
60 527
60 321
60 350
60 833
60 107
60 641
60 551
60 1138
61 854
61 539
61 313
61 566
61 333
61 1176
61 564
61 1213
61 855
61 1359
62 483
62 533
62 485
62 789
62 116
62 1149
62 785
62 381
62 1045
62 382
63 1045
63 738
63 839
63 411
63 1121
63 491
63 1051
63 492
63 1166
63 1171
64 482
64 194
64 945
64 878
64 239
64 390
64 52
64 357
64 893
64 175
65 3
65 388
65 393
65 180
65 4
65 664
65 1227
65 389
65 1311
65 326
66 664
66 320
66 607
66 305
66 590
66 389
66 393
66 445
66 310
66 1085
67 3
67 393
67 180
67 4
67 664
67 389
67 458
67 382
67 149
67 388
68 628
68 343
68 337
68 338
68 480
68 942
68 1237
68 254
68 594
68 535
69 264
69 111
69 1193
69 853
69 1138
69 3
69 664
69 180
69 4
69 322
70 180
70 111
70 853
70 3
70 1149
70 300
70 4
70 327
70 1073
70 320
71 670
71 619
71 1299
71 409
71 305
71 540
71 26
71 1090
71 170
71 573
72 1078
72 238
72 10
72 670
72 668
72 1256
72 139
72 53
72 285
72 1395
73 332
73 517
73 573
73 359
73 488
73 541
73 1296
73 1112
73 817
73 410
74 68
74 876
74 1153
74 1143
74 10
74 516
74 594
74 1142
74 285
74 1155
75 324
75 387
75 323
75 95
75 55
75 551
75 670
75 1161
75 303
75 584
76 228
76 1078
76 238
76 944
76 630
76 485
76 55
76 565
76 668
76 1367
77 668
77 238
77 667
77 1264
77 1395
77 670
77 1078
77 134
77 504
77 139
78 543
78 589
78 590
78 591
78 588
78 237
78 935
78 216
78 592
78 215
79 199
79 430
79 597
79 544
79 604
79 594
79 755
79 748
79 567
79 19
80 1317
80 945
80 597
80 594
80 790
80 1335
80 461
80 251
80 546
80 199
81 714
81 594
81 631
81 598
81 672
81 1142
81 203
81 1153
81 795
81 652
82 678
82 250
82 676
82 1306
82 1334
82 1332
82 698
82 470
82 632
82 203
83 898
83 1275
83 19
83 1070
83 3
83 753
83 633
83 1060
83 1058
83 1048
84 21
84 398
84 378
84 633
84 923
84 554
84 294
84 120
84 539
84 873
85 418
85 910
85 594
85 795
85 1155
85 516
85 714
85 295
85 88
85 1153
86 594
86 755
86 431
86 879
86 598
86 790
86 516
86 1155
86 429
86 716
87 26
87 1228
87 547
87 334
87 439
87 655
87 301
87 797
87 526
87 134
88 613
88 615
88 617
88 622
88 548
88 619
88 616
88 618
88 614
88 510
89 250
89 551
89 879
89 420
89 632
89 464
89 1063
89 752
89 778
89 924
90 358
90 265
90 411
90 71
90 1187
90 1364
90 291
90 959
90 1228
90 335
91 610
91 252
91 879
91 795
91 672
91 520
91 799
91 925
91 503
91 526
92 1247
92 945
92 758
92 1124
92 1293
92 834
92 806
92 809
92 1201
92 1086
93 635
93 691
93 68
93 461
93 853
93 355
93 1314
93 838
93 482
93 1336
94 524
94 559
94 283
94 1393
94 983
94 365
94 509
94 366
94 438
94 5
95 635
95 662
95 564
95 554
95 398
95 553
95 535
95 1258
95 1395
95 5
96 698
96 637
96 699
96 243
96 250
96 669
96 920
96 892
96 680
96 465
97 882
97 1331
97 781
97 779
97 286
97 1289
97 440
97 783
97 1270
97 495
98 673
98 638
98 85
98 238
98 288
98 1163
98 1393
98 311
98 392
98 411
99 639
99 715
99 153
99 716
99 67
99 719
99 619
99 461
99 958
99 1348
100 1017
100 1013
100 953
100 1122
100 760
100 897
100 1171
100 1126
100 1172
100 822
101 817
101 819
101 820
101 818
101 835
101 823
101 551
101 1119
101 837
101 532
102 910
102 728
102 834
102 286
102 884
102 1092
102 516
102 1001
102 729
102 287
103 761
103 1048
103 770
103 1049
103 669
103 483
103 1050
103 1027
103 720
103 440
104 910
104 644
104 762
104 29
104 735
104 836
104 1117
104 819
104 647
104 888
105 764
105 848
105 846
105 847
105 953
105 763
105 1029
105 1026
105 743
105 1017
106 594
106 908
106 847
106 848
106 764
106 1036
106 1070
106 953
106 728
106 886
107 909
107 834
107 640
107 725
107 883
107 884
107 220
107 51
107 221
107 724
108 884
108 724
108 75
108 768
108 726
108 883
108 866
108 909
108 411
108 1170
109 31
109 864
109 5
109 859
109 856
109 391
109 857
109 658
109 627
109 51
110 862
110 735
110 642
110 1026
110 957
110 1023
110 1013
110 424
110 392
110 647
111 392
111 864
111 856
111 857
111 1131
111 894
111 766
111 859
111 858
111 627
112 641
112 320
112 735
112 840
112 730
112 648
112 854
112 1045
112 264
112 855
113 716
113 411
113 708
113 204
113 812
113 748
113 971
113 638
113 205
113 1290
114 895
114 1266
114 1133
114 1360
114 745
114 712
114 676
114 551
114 313
114 632
115 746
115 875
115 184
115 320
115 243
115 641
115 1253
115 540
115 350
115 13
116 48
116 605
116 225
116 932
116 1378
116 1303
116 1308
116 411
116 359
116 1306
117 229
117 1285
117 492
117 230
117 440
117 60
117 925
117 782
117 999
117 196
118 246
118 803
118 923
118 520
118 1243
118 545
118 1124
118 1062
118 360
118 811
119 533
119 926
119 1361
119 1045
119 953
119 642
119 744
119 1048
119 930
119 1055
120 769
120 887
120 1146
120 886
120 890
120 31
120 885
120 642
120 888
120 313
121 1146
121 887
121 31
121 769
121 888
121 1017
121 1178
121 642
121 885
121 742
122 898
122 1070
122 935
122 931
122 930
122 841
122 514
122 938
122 78
122 905
123 941
123 910
123 775
123 1221
123 227
123 430
123 387
123 394
123 742
123 376
124 941
124 898
124 1070
124 1150
124 935
124 516
124 1359
124 619
124 1153
124 514
125 997
125 610
125 176
125 1195
125 993
125 695
125 350
125 1093
125 1062
125 245
126 1326
126 1288
126 1265
126 974
126 397
126 942
126 254
126 507
126 368
126 389
127 5
127 1317
127 6
127 158
127 1073
127 853
127 981
127 639
127 399
127 637
128 945
128 745
128 1063
128 1219
128 111
128 834
128 429
128 92
128 248
128 1388
129 507
129 945
129 637
129 1073
129 987
129 3
129 853
129 988
129 527
129 931
130 948
130 859
130 864
130 766
130 5
130 856
130 391
130 858
130 66
130 31
131 950
131 1317
131 1023
131 1021
131 1026
131 1025
131 1017
131 1022
131 1020
131 1019
132 1021
132 1026
132 1017
132 1023
132 871
132 1013
132 1014
132 1029
132 1015
132 950
133 1026
133 1023
133 871
133 1013
133 1014
133 1029
133 1028
133 950
133 1015
133 951
134 951
134 1014
134 866
134 935
134 1028
134 551
134 1012
134 1146
134 1026
134 195
135 1026
135 1017
135 1023
135 1029
135 1014
135 1020
135 1013
135 871
135 1019
135 1021
136 1021
136 1026
136 1033
136 871
136 10
136 1014
136 891
136 1013
136 1023
136 239
137 1023
137 1026
137 952
137 1021
137 1013
137 871
137 950
137 1017
137 1034
137 1025
138 953
138 841
138 847
138 764
138 897
138 846
138 885
138 848
138 887
138 910
139 953
139 897
139 847
139 887
139 846
139 764
139 1038
139 848
139 955
139 763
140 954
140 870
140 885
140 887
140 922
140 817
140 726
140 834
140 581
140 884
141 735
141 424
141 392
141 885
141 890
141 817
141 953
141 843
141 889
141 886
142 954
142 885
142 887
142 870
142 953
142 922
142 817
142 769
142 890
142 1071
143 953
143 581
143 885
143 930
143 1129
143 890
143 1070
143 1043
143 870
143 1044
144 1045
144 955
144 763
144 1340
144 840
144 1142
144 839
144 1046
144 846
144 838
145 1045
145 1048
145 839
145 838
145 411
145 763
145 866
145 1046
145 1051
145 1176
146 1045
146 840
146 955
146 854
146 641
146 1176
146 839
146 763
146 838
146 1046
147 1050
147 956
147 1358
147 1049
147 1171
147 1357
147 850
147 1128
147 1396
147 1069
148 1048
148 956
148 1050
148 1126
148 642
148 1045
148 761
148 888
148 838
148 1049
149 930
149 1070
149 1058
149 1361
149 926
149 136
149 1323
149 1048
149 931
149 898
150 1062
150 1074
150 1075
150 1259
150 1108
150 1243
150 285
150 384
150 610
150 1202
151 492
151 676
151 250
151 678
151 470
151 1062
151 498
151 1166
151 409
151 525
152 671
152 250
152 336
152 3
152 326
152 324
152 678
152 4
152 1311
152 676
153 1063
153 1085
153 551
153 111
153 1086
153 1081
153 1088
153 507
153 1082
153 853
154 832
154 1087
154 1088
154 1063
154 1086
154 111
154 1054
154 551
154 451
154 1085
155 1099
155 1101
155 553
155 1065
155 1090
155 1318
155 805
155 804
155 900
155 1100
156 1099
156 1096
156 1097
156 553
156 1100
156 1098
156 1065
156 818
156 82
156 1101
157 482
157 498
157 1006
157 626
157 1112
157 1234
157 160
157 231
157 372
157 421
158 405
158 302
158 691
158 949
158 1230
158 586
158 1318
158 463
158 355
158 378
159 1066
159 1197
159 716
159 1112
159 723
159 958
159 1287
159 846
159 1115
159 67
160 885
160 1071
160 890
160 887
160 953
160 741
160 769
160 1146
160 31
160 1172
161 460
161 461
161 1192
161 376
161 111
161 399
161 1386
161 336
161 435
161 324
162 460
162 559
162 376
162 323
162 358
162 320
162 4
162 365
162 457
162 55
163 492
163 1231
163 354
163 469
163 434
163 48
163 56
163 359
163 248
163 1307
164 358
164 265
164 71
164 1364
164 316
164 291
164 311
164 1187
164 335
164 256
165 71
165 335
165 64
165 943
165 978
165 1276
165 74
165 504
165 72
165 1225
166 271
166 935
166 64
166 1276
166 256
166 504
166 1359
166 838
166 335
166 71
167 1099
167 553
167 1097
167 1100
167 1096
167 1101
167 1279
167 1065
167 1098
167 980
168 750
168 136
168 965
168 1187
168 217
168 98
168 264
168 221
168 738
168 118
169 750
169 965
169 136
169 774
169 217
169 194
169 1187
169 264
169 98
169 118
170 238
170 893
170 239
170 223
170 905
170 139
170 175
170 10
170 738
170 1082
171 516
171 431
171 594
171 714
171 141
171 795
171 672
171 598
171 1153
171 1155
172 320
172 527
172 322
172 321
172 478
172 641
172 479
172 476
172 425
172 1149
173 532
173 451
173 1073
173 367
173 1086
173 931
173 470
173 1087
173 1067
173 111
174 483
174 411
174 501
174 1140
174 533
174 1157
174 1390
174 482
174 1264
174 1317
175 941
175 238
175 1078
175 139
175 668
175 1221
175 1256
175 430
175 254
175 670
176 963
176 1073
176 5
176 301
176 542
176 461
176 6
176 586
176 509
176 111
177 589
177 543
177 588
177 590
177 216
177 237
177 592
177 214
177 591
177 215
178 591
178 543
178 589
178 1323
178 237
178 590
178 216
178 592
178 523
178 214
179 1376
179 706
179 224
179 705
179 445
179 680
179 1330
179 512
179 930
179 485
180 548
180 622
180 882
180 617
180 616
180 314
180 1103
180 613
180 218
180 619
181 997
181 610
181 1062
181 176
181 243
181 1195
181 409
181 993
181 695
181 350
182 634
182 685
182 26
182 1300
182 211
182 70
182 686
182 430
182 593
182 900
183 804
183 758
183 1243
183 1247
183 642
183 809
183 1045
183 39
183 1142
183 238
184 715
184 207
184 639
184 153
184 515
184 1152
184 430
184 716
184 895
184 813
185 856
185 864
185 857
185 766
185 858
185 859
185 948
185 391
185 285
185 878
186 1243
186 1062
186 610
186 803
186 775
186 1075
186 1074
186 923
186 520
186 924
187 841
187 763
187 1045
187 955
187 838
187 932
187 953
187 887
187 1171
187 846
188 725
188 909
188 722
188 640
188 720
188 1331
188 220
188 911
188 834
188 430
189 768
189 551
189 1146
189 31
189 883
189 870
189 865
189 726
189 834
189 767
190 856
190 390
190 627
190 1111
190 864
190 728
190 1066
190 52
190 15
190 285
191 864
191 766
191 856
191 724
191 857
191 859
191 319
191 728
191 858
191 948
192 735
192 641
192 1175
192 734
192 647
192 642
192 1170
192 938
192 910
192 744
193 735
193 641
193 730
193 422
193 733
193 736
193 648
193 425
193 111
193 266
194 642
194 932
194 735
194 888
194 1045
194 1177
194 957
194 744
194 1176
194 1178
195 642
195 831
195 320
195 932
195 1055
195 777
195 735
195 888
195 744
195 1045
196 746
196 184
196 875
196 320
196 641
196 494
196 657
196 350
196 13
196 327
197 884
197 768
197 881
197 723
197 726
197 1168
197 461
197 865
197 945
197 923
198 551
198 1146
198 886
198 735
198 743
198 440
198 887
198 1027
198 889
198 897
199 1070
199 930
199 1058
199 931
199 485
199 1361
199 1055
199 898
199 1091
199 744
200 264
200 1071
200 885
200 322
200 400
200 1133
200 1360
200 1138
200 1086
200 461
201 716
201 1348
201 958
201 291
201 1345
201 69
201 410
201 1364
201 972
201 1295
202 1285
202 605
202 612
202 226
202 203
202 1378
202 250
202 1075
202 670
202 384
203 482
203 1133
203 884
203 676
203 1306
203 461
203 48
203 1262
203 945
203 3
204 971
204 1311
204 443
204 763
204 208
204 1080
204 492
204 678
204 250
204 1382
205 1287
205 1321
205 133
205 337
205 1367
205 55
205 1311
205 4
205 3
205 655
206 1290
206 598
206 411
206 516
206 1336
206 879
206 880
206 866
206 204
206 435
207 1341
207 749
207 1290
207 862
207 365
207 362
207 1111
207 747
207 1338
207 878
208 1291
208 1344
208 1347
208 357
208 1256
208 1345
208 279
208 1124
208 163
208 566
209 358
209 959
209 339
209 461
209 240
209 457
209 291
209 455
209 996
209 651
210 1172
210 1171
210 1145
210 938
210 1133
210 953
210 1126
210 1128
210 642
210 1071
211 953
211 887
211 885
211 886
211 1070
211 897
211 769
211 743
211 739
211 1071
212 1178
212 1176
212 888
212 1177
212 31
212 885
212 1293
212 642
212 1146
212 838
213 885
213 1146
213 769
213 888
213 1173
213 741
213 1116
213 642
213 1178
213 890
214 1294
214 1362
214 831
214 828
214 848
214 1055
214 777
214 470
214 594
214 1071
215 535
215 482
215 1253
215 1234
215 357
215 984
215 68
215 273
215 1377
215 775
216 512
216 39
216 905
216 367
216 64
216 492
216 407
216 1102
216 971
216 175
217 324
217 323
217 65
217 1395
217 629
217 559
217 1364
217 1305
217 655
217 64
218 324
218 323
218 1395
218 559
218 670
218 398
218 1393
218 154
218 983
218 655
219 1078
219 1256
219 1221
219 668
219 208
219 530
219 139
219 53
219 992
219 775
220 738
220 1148
220 382
220 1317
220 3
220 231
220 4
220 336
220 378
220 376
221 3
221 378
221 194
221 1227
221 1366
221 1225
221 1386
221 492
221 833
221 652
222 1400
222 419
222 1130
222 1398
222 1358
222 1399
222 1357
222 393
222 400
222 1397
223 400
223 393
223 1398
223 1399
223 1400
223 418
223 389
223 3
223 180
223 419
224 1312
224 1286
224 236
224 1314
224 317
224 396
224 175
224 1298
224 1139
224 656
225 1380
225 1124
225 1188
225 834
225 1291
225 1256
225 279
225 638
225 368
225 780
